-4793
5132
3168
1184
5646
-6511
-6085
-5682
-9114
2869
-5401
812
9821
-8271
-7973
-2574
-5888
9196
3113
-2954
3844
-9573
-4373
-7989
8486
-3303
-1497
2674
-5380
5882
4371
4894
-9203
-8710
-7152
3558
-9995
-9240
-7484
-9384
3620
3947
4178
-931
-5318
-8557
4609
-7138
-1685
-697
-7340
6141
3025
9298
7859
-5286
1621
8917
9607
-3296
-5205
-7869
511
5619
2563
-6078
3082
8070
6154
6748
1638
-8203
-7252
-7731
9665
-3549
-9556
-6080
9633
3034
-7670
2992
3554
2824
8861
-9148
-8349
-698
7745
-980
-281
8730
6943
1982
9466
-8520
7573
-2659
948
-9385
-1745
-2769
325
6434
-973
6946
-7
-2672
7672
-8233
950
8483
-5263
4465
2347
1426
9542
-4437
-7858
4627
-5337
165
9009
-232
-6486
8042
899
2883
6058
1196
5413
7768
4360
4121
8899
5718
-251
3109
-397
105
-2536
8363
3982
-2889
-2063
-9738
1139
5735
-8213
-4792
-4029
-6950
8681
9630
-2729
-4590
-4090
7506
3066
3199
-4651
6279
-772
173
420
232
9351
-5926
-4107
-4285
5088
8139
6494
-2418
-9529
-7065
-3857
-216
-8298
5964
2131
-3926
8320
-8088
9292
-9377
7714
-2298
8398
-1325
9863
4944
518
7200
8464
-4013
6714
5405
-7946
-4501
2211
5505
-1170
742
-611
-3144
4102
-1539
-3518
-931
-9498
-4331
2699
6926
9681
-9629
821
9119
1758
-801
2575
4521
-9388
-3392
2616
-456
-1703
-7106
2958
-3862
-1514
5830
-360
-1959
-7355
-5544
-2609
-3775
-7495
6805
6949
-943
-1314
-3184
-7223
4088
-5270
9563
-1027
2474
-7259
-9656
-3848
3660
-9933
5418
-977
6442
-6172
8331
5256
8943
-6612
9571
1862
-9246
-1511
-4214
3722
3143
-3359
3484
-7100
6283
-1579
-9630
-7271
-3003
-3692
730
7181
-6306
-5628
8892
3655
9456
7520
2724
-338
6929
8646
-4036
-7597
685
1659
-2135
-8007
-4698
-8446
4868
-1786
-3119
-1062
6069
4017
8132
-3623
717
2456
8224
522
3530
3040
-9132
8572
3255
-6901
-24
8555
7491
-8422
3675
3969
996
-9388
6503
9019
6015
-7142
6532
66
-7535
5244
-6644
3120
7356
8824
3135
6010
-1655
-4808
7414
-9155
-1959
3562
-380
-4030
2479
4310
6020
-3250
2902
8886
6722
-7689
1124
5560
7924
-1740
1312
-2166
-6036
5142
-3297
-8784
-9219
9561
-2136
5472
-6975
-9969
6065
-3343
-2747
-2286
-3293
-2326
-834
9305
-4731
3691
-8790
-9590
824
5581
9979
5988
535
650
615
4915
280
-2172
-5514
-5768
951
7343
1278
4725
383
3013
-4974
-6568
608
7224
1151
-1535
5565
1190
-5557
6504
-9570
-5928
-2341
-3362
-5189
5913
2478
-9959
-7456
-379
7244
-2893
-1111
2626
-949
8849
9590
3042
-387
5518
5674
-1115
-2551
-2827
-257
-977
5941
752
-4288
-4321
2055
2043
629
-8696
9249
-5590
733
5823
9100
-894
6587
-2467
-8197
4532
3942
9933
7952
-6482
3683
-3532
4976
7555
-8546
-4479
-8015
5495
1879
3373
-1747
7930
-8131
1927
-1219
-2276
6627
1811
316
2853
-4687
-8197
874
-6198
-9155
-6755
-2922
574
7273
-5236
-8247
-6806
3167
-6569
-4724
-7499
4987
2705
-2859
-5784
-2725
-5461
7783
-2509
8294
-8266
5478
329
-3138
-5234
9757
7169
-9878
-2138
-4300
5145
7257
7783
-6371
3877
-9835
7403
5977
-2172
-5034
7936
6094
9810
5387
-1935
-4141
9499
8759
1034
-4389
-5401
-8046
-6760
-736
1733
7333
-1179
-6969
-1760
4674
-7597
-4648
-3849
4302
-9431
-2376
9594
-7831
-3533
4449
3970
-4137
-4332
-8791
-3598
-6061
1746
4522
-2840
3147
9489
9199
-1012
-3810
6016
-5433
-4593
6898
-8580
-4145
-2686
4000
9167
-7044
2612
2266
9927
-2765
-1254
-698
4905
-9824
-9120
-3742
7938
-5967
-3831
-563
8698
3465
-8555
-7860
-7270
5543
9181
-5884
-8040
-3641
6496
6128
-3276
7238
419
7946
-7474
-8139
-8911
-8921
1862
5239
-2265
8260
4310
-2012
9612
-3810
-9906
-3177
6424
-621
4410
-2585
6577
576
-8381
6265
7202
-3161
7781
4411
-1486
-3076
-5599
2938
-3605
-2717
-8170
-1085
-1127
-7425
-6882
-1952
-9710
-2682
2297
6348
882
-304
1145
-3912
2303
5362
377
5266
1929
5820
-49
-8961
-1610
-8285
4649
-7958
-6572
-618
-4003
7667
-7663
-8498
3021
7277
4802
4963
5574
9358
6588
-7668
5611
2752
-1507
2899
4663
1203
-5266
-7979
1233
-602
-5195
9400
5835
4458
-4840
3379
-7255
-1533
-2621
6021
7637
-6416
-6653
9669
-7338
2388
-295
4621
7573
9371
-7591
267
-4154
4887
6950
-8655
816
2621
-5034
-1256
3467
8514
-1605
447
6613
-3204
-3207
-9766
985
2671
-5103
9000
-8862
1108
1855
-6687
2008
-5937
-8504
-6276
2477
-8771
-9050
5830
-1440
4156
-1692
9255
3356
3566
-3946
-4137
-3284
912
9165
5717
-706
6612
5821
-8262
-945
-4252
8485
-4351
1440
-6237
5666
4730
9892
-5230
7297
6576
8586
7839
5283
2905
8030
-7933
-2011
-4423
-8683
3366
4563
3435
-7044
-1684
-125
-3503
8988
-8384
-5365
-7754
-3336
3397
-6001
-2077
691
-232
-1715
-1055
4432
8563
2186
3819
3731
-8916
5819
-5965
9917
8220
5104
-9998
-9673
-4235
-9107
3534
-2324
6674
6939
593
-9759
6436
-5324
6017
-7515
-6878
-470
-8581
3555
-1581
8227
-8848
7798
6544
-2111
9118
-6350
6177
-8651
1789
6029
2407
476
9511
3553
-8187
-8187
2020
7740
-6225
-3691
5442
133
1510
8433
6186
-2245
-6229
6937
8074
8360
7241
2282
-2512
-7910
7865
400
-9907
-3588
5524
5028
-5160
-3495
-8556
7308
2486
3948
5573
-6757
-4879
1802
9479
-3926
8825
7012
6428
-8785
-9516
483
-7247
9868
7204
-3506
4142
9861
-322
244
-7639
-1678
-3845
-2344
584
2829
-3909
-4385
-4898
-7888
8800
-5284
-6802
-254
-2128
6577
-2327
-9622
-6553
7688
-3283
-6523
-5237
9143
3232
-3527
-1837
9320
-5521
9625
-9706
6030
-9306
4382
-7234
4377
5180
-3868
-4369
8146
-7859
-2668
1024
579
-799
4992
-5375
-5842
-2462
8440
9759
1859
-1321
-4811
6322
1526
-1517
-5288
8675
-391
-1130
-9783
1717
-8382
232
6936
-9099
9155
-5274
-5592
430
7147
220
6365
4202
-6928
3672
-8596
7296
7356
-455
-9519
5801
496
-9813
-3501
3012
8544
-7018
-9456
1127
9090
-6263
5254
5898
5275
-4263
5249
-7755
-4497
-9543
7321
1651
