-8501
-752
5337
6341
-1175
9369
5549
-3224
-5700
-3438
8697
-208
1762
-3184
-365
2266
7126
-5449
2816
-9491
-4453
9153
923
-864
-3100
-4421
-1119
826
-7882
-7855
-3664
2704
8354
-4673
-2554
-8292
303
2834
-2679
-1115
1066
-6001
-9509
-2486
5440
-9127
8462
6817
-5568
-8509
-5175
9607
-9562
2191
7978
-1785
7273
6028
-373
-9201
475
-6509
-5172
6167
3096
-834
3381
-812
-1290
4642
8264
9050
483
3372
-1587
-1290
-5331
6362
-3464
-1603
8588
8033
-7835
6423
-23
-6848
-3520
-7506
-5760
-3119
-9243
8043
7345
2026
-1925
1377
-2480
-6047
1263
-7648
835
2721
-9771
-8545
-3876
698
2944
122
-7229
-5539
-5132
1408
2275
3498
9886
-8114
-6056
-1588
-8017
4022
-1184
-5629
-9091
8746
1555
-6154
1707
-3723
3678
-9804
-545
5768
-5849
-6639
6021
9261
5926
-2802
-4559
6199
-4669
3317
-4684
6061
4392
5037
-4129
9237
-4377
8639
-1719
-5813
-1679
-936
5240
909
-1703
-2651
-1125
-7038
-145
-5172
-6648
3197
-1453
355
7748
10000
-9679
-9082
78
4710
-3720
-1081
-2119
-5787
9033
-6794
-3299
-4398
3388
-2775
-8247
-9932
-9383
7348
-5243
-9620
1566
-3962
2126
-1496
1804
-8916
-4453
7891
-6164
3074
6604
-6811
-9230
4407
6150
-5135
-7677
-2633
8835
3163
-5726
-9075
-9473
6532
6867
-6497
6549
-4216
-2577
7566
-6790
-7265
2807
-3597
-5180
4484
3663
-5374
3598
7686
5136
-4970
-2736
568
3190
4314
-5415
2331
-9099
-6796
-4439
-6464
2247
-5016
1069
3621
-7416
-6925
-6760
2873
-5804
-5574
-9960
-8830
8968
6881
7575
7128
-2883
3074
-3895
-6811
2786
-558
-567
6967
-6380
-1041
4360
-1735
2246
4049
4866
-7586
-8158
-2573
-6061
1696
-2142
9823
-5102
2808
7926
6764
6541
-1561
-6640
4153
-294
8766
4412
9630
-4416
-5677
2429
-1762
6195
-880
8340
-4897
-8365
-7306
9869
5032
9466
-9660
-867
4243
4629
-1767
-8665
-6435
1924
374
-1267
-1545
3469
-903
1443
-7123
1180
9301
-36
-256
1376
1358
3619
-1270
2315
5246
964
-1773
5811
8822
-8263
-9499
6723
-6790
-4359
-9612
-8517
7339
2586
9686
-4356
2461
-1283
-6728
2515
7307
-258
-3020
-8688
7701
7966
-3422
-8365
-3429
3033
-7447
-4150
7755
7812
6151
207
-1670
-4376
-9463
-6072
-9
7918
-9202
6309
5619
-8231
-8325
-5896
-321
2949
5468
-8556
-8199
525
3317
-5248
4000
6436
3146
6253
-4577
-7323
8544
-6451
-9227
6042
-63
3652
4742
5212
-4810
-7209
-5069
3062
7902
-6625
6244
-945
-7096
-5222
-3861
-9262
9279
7102
5759
-2650
4919
4115
8590
-4960
5127
-9967
-9274
-3965
-6819
4612
1834
-1953
4194
-590
-1200
2878
7350
-2632
-7453
1088
-9655
-3203
-8018
7431
1912
7961
-7901
9857
8764
207
2609
8705
2817
5170
-5364
3108
5332
-7526
-3125
-158
8651
3696
4212
8021
-7163
-5114
-4950
8469
8387
-6900
7930
-2977
9178
-1413
6996
-4950
9698
4091
4853
-4397
-9185
-4143
8386
-7395
-7548
8644
-9851
4562
5937
2481
-3827
1519
-368
7126
9056
5765
2534
-2590
1858
2888
4981
3803
8482
3697
-4030
7786
9176
-1593
-6198
9037
3918
-4571
-9528
4641
3934
5310
7447
-9193
4810
6476
2272
-1739
9195
-473
656
-3701
1711
4869
2239
2073
-8331
-3424
-9482
5418
-9835
6369
7404
-8111
-6274
2596
3432
500
-7910
5723
-1788
-3067
2343
3536
4355
-8645
1774
2259
-9579
7709
-4908
2522
-7154
-5444
-4775
-9704
-849
7037
-8383
-3788
721
-5489
-7691
6851
-240
9
7573
7982
6752
4051
7208
4144
8425
5654
9597
9224
-2828
-2447
2465
-1135
9975
-4776
3426
-6689
2631
-1683
-8160
-3375
298
2776
-3673
9857
-9977
4718
-1968
758
5819
5704
1647
9229
-4551
9099
-3301
-3885
-8312
4336
-9363
-6979
7182
6614
-9916
-8820
-1352
-5571
-3518
-8815
-9847
-4616
-6007
32
7320
-6622
-6594
-1451
2171
7273
-727
-5991
4353
-6789
-861
7083
909
-2217
-5079
8796
9
-5297
-46
5385
4564
-8969
5094
-9855
1639
-5125
-4832
-394
2397
9494
4397
-42
-5106
-4651
8769
4164
-8201
-6684
-1196
2459
24
-7386
5041
1624
-9838
-7832
-6232
8355
-6963
-877
9487
-1197
-2571
194
3443
-1721
-2999
5878
-941
-4974
-3719
-7019
-3529
7208
-5606
4944
2314
4145
1800
-8547
6652
-9847
-9663
-7275
-51
8001
8835
894
-4076
-3089
5826
3913
-9389
-2437
-6036
658
4840
-2160
201
309
-6105
6266
5317
8138
-8767
-7832
1169
-236
9479
8914
-9499
4884
6870
-1048
-8535
-5715
9337
-9232
3461
-8750
-5815
3212
-4670
4864
5200
5183
-575
-9500
-6330
1612
5632
9226
6718
8286
-4422
-3035
322
-6861
-1916
-5162
-59
4439
-9960
9873
-221
-2467
4972
-5714
-7362
2962
-5200
6034
-8043
-8755
-7330
-2355
-8545
-9729
-7892
-5143
4834
-727
3165
-7898
4522
-7404
9151
-2859
-1053
4016
4618
5910
-8091
5555
1695
6272
-2494
2791
-3045
5280
-3298
-8705
3750
2792
-5671
3402
6700
9605
8782
-6671
-3840
801
3632
-6234
5739
-5174
-4863
-5592
9218
207
-8478
4490
7603
-7377
-2050
-2217
3894
-889
-1572
-5668
-4984
351
-2595
7920
8941
-4261
5350
-3433
-4477
-6805
-7432
1577
-4797
-5093
7182
3074
-6880
-6517
1676
9384
1290
4999
-8554
-6198
-5960
4571
-5430
-2093
-8710
8120
2605
-4552
8170
1872
9125
1767
2651
1539
-6797
2309
5071
7213
-7615
8830
-9749
5885
2830
6718
-6426
-9940
-1624
-4547
-3211
-3587
-9611
-4890
3344
1956
3939
6068
3916
-3069
-2439
7374
9978
-1817
-1189
7538
-8145
-4529
1524
9905
9923
-1700
-3365
-3624
-1414
3763
4422
-9953
-770
-9627
-6309
8984
-4184
2879
-1980
755
3374
-1540
4223
1823
5354
6954
-1502
5008
494
2050
-6317
9230
-1201
6422
-3838
-5079
3934
-6266
-4081
9431
1354
-3699
9446
-5163
2563
-6190
-6223
-6526
7744
4058
316
733
9822
-637
8264
8326
4682
8523
-1989
9792
-8773
-485
-5439
7514
-1041
-1004
-4823
7183
-1723
-5981
4720
1341
6531
-710
3574
2074
9066
2727
-5680
9944
-778
-5096
6639
8009
493
8123
-9418
3900
-4418
-1885
6982
4192
-5208
111
-826
-7313
-1302
6992
-7700
6813
-23
-9603
-4691
-6058
395
-8242
-8077
-7481
-855
-4275
-9234
-2683
960
6897
-7618
-4676
4075
9775
-8704
-7891
3192
573
-498
-6975
-1333
-1149
-1033
-7761
1621
-1215
2291
7400
444
-4529
-585
-3776
5488
-6188
-7844
498
1412
9971
-3225
5388
821
-9679
7101
-1135
-605
3526
-1878
-9158
-1474
3651
-9297
423
1043
8318
-2466
7381
-8828
6045
9837
1712
7552
-2868
8473
8647
297
-3652
4856
-8220
-5087
5880
-3478
1507
-5880
8453
6292
-926
5260
8863
8549
-6075
3425
4308
5773
-6099
4299
-6069
-67
6402
-7600
7232
-7585
1698
-8998
9548
-4987
511
-719
1104
-8125
5658
-7049
6464
-1754
9590
-2392
1644
8307
-482
6063
-729
-9127
3361
-9976
-9281
-9898
6549
1857
2468
3446
6876
-7981
-6956
4719
3449
4887
7576
-9117
-5881
-4553
-2636
8871
-7176
8184
9028
1911
-3120
9132
-9590
-3757
6167
5624
-8948
-496
-5471
-9373
-431
1811
-8118
-2892
-5150
-9762
4181
-8347
3454
-2140
8811
-9512
6712
1128
-6110
761
-6694
1279
8615
5356
7224
9958
7818
-3153
5765
-967
2647
-3246
-2438
1027
5269
-5201
1543
-9364
6220
-6628
5158
7725
5720
1205
5905
1694
1354
-4612
7213
-1426
-8868
-475
3489
4228
-6351
6892
-9328
-7089
7949
9400
1084
-6269
1938
-9418
2448
2727
-167
9212
496
-839
-4019
-7507
-514
947
-9834
3707
-1011
5499
6377
5346
-155
9136
2530
-2601
4843
-4107
-1851
3092
-4821
-7882
-401
-4564
331
-2547
9497
202
-613
1577
-9047
-1662
-1777
-1605
-4179
-8345
-6188
2622
-2846
-8512
-2287
9914
3490
-2630
-7193
-9977
3111
-9468
1571
-4559
914
-8267
-3666
3518
6961
-2906
2773
2014
-4307
3742
5093
5817
5335
-8156
8053
-8106
6073
-1681
5995
9784
1071
6504
4925
1188
-2273
4420
-1875
2229
3783
-1187
-3798
1495
8866
8335
-5262
-8378
-3213
6581
7625
3065
7222
605
-7707
1971
-3250
-6534
-9721
-9258
-8132
-719
6258
-2357
-3692
-6813
-5706
-866
3132
-1922
-7177
-6712
2109
-1747
-1820
2934
-3326
2294
-7145
-8781
-9894
-5503
4680
-2450
4885
-9944
-7682
9398
-3462
264
9181
3356
1760
-3491
-6112
-2323
-9913
2615
382
9154
2964
-2114
1993
7937
-5634
2118
-6557
5832
-6679
-8722
9176
5867
-300
-7451
-6071
-426
3035
524
1287
-2276
-9679
1242
4210
2036
-5183
3147
6609
1481
-1558
-7273
6472
6782
8287
3412
897
-9920
-553
-7493
6567
-6639
-8140
6108
-9690
7205
-7733
738
-6333
6985
1376
-1618
-7923
7106
2918
-851
946
-4072
2349
-5642
1221
7428
319
-3249
-9703
-8655
5464
6458
6106
105
2269
2620
-2002
7302
-3421
-2104
-6776
2686
-9677
2200
-1345
-9257
3733
-1932
9181
-9051
9595
4626
8758
-1501
-5092
-3956
5502
317
-6852
7353
-3880
5377
5507
-2701
-8492
2645
-924
-600
2614
9173
-4708
4779
5827
5263
-411
-4548
1779
-9573
-3185
2356
-5894
6118
1962
7140
-8921
-8835
-8195
4516
-6293
8515
-3370
6724
221
8704
5651
5504
-8909
2620
-2181
1364
1391
9191
8407
9297
-5425
-1764
-2624
-4157
2586
-8454
8424
1631
-7032
-4407
9568
-4921
-4385
6381
-3653
-4874
9601
3251
7893
-580
3695
770
-357
-1940
-6348
2959
-649
849
-8673
9190
-9253
1700
-8195
4173
-4253
-3841
5623
6333
-1087
-3345
-7034
1623
5866
117
-1277
2323
-8762
-9988
-2444
-6450
6505
462
-3081
702
8893
4192
8449
7800
-3915
2107
-8653
-7220
-9864
1517
-5674
-3155
6486
-8623
-6450
3881
-3665
9921
-5882
-7136
5825
639
9493
-2529
-2098
1739
2250
-8479
-3496
2385
-5673
-4461
-3907
-8500
2789
-6367
4548
-7069
-7806
-7632
-2827
-2656
-3302
-5474
-7467
5663
-7120
6310
6460
2401
7656
-6833
-541
1086
7322
-7000
5029
1823
-4244
-9357
7243
-486
-5305
-4347
605
9117
-4604
2089
7870
-992
855
4136
5965
9594
-6346
3349
9805
4788
-6656
-5269
-4180
9383
-2731
-2594
-3933
-7587
5988
-3958
-1732
7212
9519
-7695
-1238
-5646
-3852
6202
4755
2165
740
-6548
-6781
766
9684
7481
5140
-8030
3028
3974
-5869
1950
-2853
9151
5559
-1155
-3312
-8754
1838
3069
5626
373
-9364
4632
-7575
-9154
764
-8410
9445
-6193
2477
-5711
-8025
2949
-2390
7753
438
5241
1864
1403
6736
-8252
7199
-7373
9699
1004
-2422
1635
5197
-2222
8070
-382
-3549
2415
5173
-8
-1762
4016
-993
-1224
-2386
-3881
7770
5317
-1968
7304
4832
406
6814
-7052
6583
-7241
4313
5565
-6974
-5308
3303
-4329
-502
-4020
3387
-3917
-3529
-7336
-8032
-7039
9054
2360
-1060
-8851
1864
1039
5875
9585
4830
376
-2417
-8032
3188
4738
-492
4930
2207
8719
-9551
-1812
-810
3814
467
-203
-2243
7924
-6106
-119
5236
-7864
8782
-7556
-548
-5520
2564
9541
9723
-6528
8339
-5081
6489
1743
5854
5837
-1189
-9086
-9248
3615
-8864
49
6092
-4110
-9523
-9187
61
8914
1005
-6468
-5477
-9790
6387
780
-4471
-8731
-1942
5206
-7252
-3855
-1367
3028
6556
-7885
9166
-2667
-6818
7065
-8850
5396
-1988
131
-9448
9986
3651
6546
5835
-4612
1868
9332
-6571
-1747
7470
8432
4190
-2374
7967
7895
-5726
-1856
-9253
849
5504
-1045
1888
-6648
3086
-8641
8859
6882
2648
6725
2272
-9097
5304
5224
8067
-3153
-3581
-7354
595
3578
-8646
1078
-490
4722
30
7113
5209
4062
-3490
6345
3726
3163
-5896
-9829
-211
147
5878
-9591
-1751
-4210
2270
-2334
-2596
4481
-1572
2504
-6208
-9593
-557
1685
9368
9643
-5550
5138
-2508
4791
-2214
9290
8488
-9758
-5074
9987
-9737
1345
-18
-775
-9200
5962
-3780
-3743
-9626
3363
6299
-4085
-8372
3005
6548
-4630
-145
6670
-77
1711
7565
6253
-2880
-2812
9513
3838
-1230
-9169
5049
8594
-1634
-8701
-9450
8562
968
-1383
7959
379
8535
-3832
-3755
3555
136
-8121
9066
7590
1915
-5625
-1266
-220
-2739
-4541
-2598
-5591
949
6216
-2440
4984
813
-5120
-8267
9697
2987
-5109
1539
-5286
4997
-6629
4334
-4168
7205
2472
3345
8586
-5294
-4439
-6554
5189
-5711
-3582
-1993
1878
-7110
8529
3849
4666
-1885
-270
-907
3723
-3738
-7220
5909
-314
7030
9409
2408
560
-2647
-3456
4401
97
-3842
-4852
5969
-2595
-8827
3267
7901
6568
-2727
1587
8643
4509
798
-1349
-831
-4919
1593
4652
-6600
-2350
2002
-6429
1936
5075
