-9349
1659
1957
-1204
7605
8841
-6118
-3333
8014
-9113
-9399
-4882
4041
-8691
1958
-6950
-5405
8603
-9066
-2072
3056
70
7988
-1365
2628
-8997
-6115
-6952
-4490
2369
4321
-4602
-8765
151
-1926
-4263
2854
8974
-9464
-7270
-6190
5306
1037
7958
184
5040
6583
4347
-1524
-5994
6116
322
-5455
-8183
-5311
5301
-9854
2344
1101
-8771
-4188
-8740
4123
6187
-3093
3034
-685
-5737
4017
1066
-1253
-7128
-433
-548
-7436
7371
-8724
9704
-4709
-8012
5110
-967
8781
-4040
-1707
-3394
4230
-8091
8310
3560
-1854
-5775
7614
-5633
-1968
-2509
-3279
910
5713
6157
-4427
5958
377
7711
-4945
-5652
-8712
9305
6403
878
-4515
-9563
1283
215
7031
1720
-6545
-6677
-7055
-8743
-325
1416
8981
7348
-4616
1269
7728
319
-408
4161
6489
9438
3686
4195
8133
-3195
4479
-8910
-7348
-9217
7991
9748
9363
-3209
1222
-38
-297
8757
2213
30
-8638
-9669
-5970
-819
-2808
9475
1459
-6519
-9732
4592
9560
5509
-5757
1939
-3081
2463
-7771
1108
-9445
2304
7663
3064
-3707
-3265
4367
6173
8142
-9791
837
-6572
-993
-7030
36
1191
-9622
9596
6418
9940
2542
-446
-2169
1670
9656
-615
-6225
-7015
9592
-7148
8515
945
5693
4271
6209
-2001
427
7352
5662
2739
-4171
-6892
-3919
5479
9815
7942
-400
-8697
-8502
6949
622
-8819
1167
2405
-5417
-6572
7554
9305
-5629
29
2338
4595
2202
6710
-9179
-2555
-2621
-953
-8890
-1102
-6561
-8196
-6858
-4793
-1424
-7202
-2561
2409
-6463
-103
6474
117
2645
4309
-3334
5221
-6036
2562
677
-5860
-2669
-9252
3804
1775
3561
6003
88
-6748
7176
2512
-611
-9412
-1285
563
-3739
-3770
2838
2117
-4417
-9987
9344
9261
-1999
-8987
-7903
-8390
8388
3618
-1411
8537
-8980
9105
-3352
-7095
8113
8960
6276
1936
-7593
8768
-5346
3910
-944
4090
2345
-6631
280
-4093
2575
9167
6690
-990
-5420
4028
7541
1683
-4527
-1986
8322
2366
-6910
3636
8645
-9968
-1704
4851
4559
3034
6914
-9089
361
-6175
564
6533
-7516
-3288
9133
-2519
3970
-7703
5989
2938
3408
8859
4938
-4115
9593
3746
-4128
356
-2643
4714
-9952
-4521
1314
1019
5175
7088
308
-6594
-720
-4969
-3029
-5225
-5258
3756
2819
9703
-5420
-8269
-5843
-2149
-7069
5435
-4202
-9136
-949
5429
-7071
-941
-526
2268
-3636
9297
-3408
7198
-208
-5506
139
5244
5321
-6981
2552
6032
-9385
803
8566
9931
-8564
-281
-2229
1813
-9877
-6764
5371
4716
-9616
2767
-545
-995
-5613
6858
8165
3344
-3728
6327
5193
-1704
9336
-4409
-7823
-6739
4875
3537
4159
-5904
5289
7367
4178
-9794
3721
-8327
3192
-6219
-7115
-4125
2616
9381
2335
7234
461
-3281
8869
-7177
627
-1602
-7052
-7981
-9045
3915
3949
-6985
5598
9831
2750
1712
-6365
-6172
-3331
-9267
3493
-356
-7300
-493
-9909
-6633
-2543
5056
-7282
7226
-7339
4291
-8249
8262
-536
1433
-9622
-3015
-6711
-6648
5920
7720
6484
2377
-9777
-369
3902
-7884
-9938
-8992
-1059
8629
-759
-252
-6746
-5956
-5880
-8730
408
1051
4718
3126
1230
3206
1491
8041
-3057
4821
8958
-5563
-1151
-8015
-4614
9861
4487
-939
-9542
-1210
-9845
4988
-2628
8225
792
-5613
-7789
3502
-5196
-9806
861
-2002
-1143
6126
-1342
-5969
4698
2039
1150
7928
-7041
4731
-4135
4086
-985
-6328
7158
-8593
-492
9095
-9205
2735
451
9523
1454
1132
730
-5442
3302
-6470
-3963
-7505
-4872
-5105
-7712
-1046
-7027
3186
7976
-4381
5448
-2512
-9941
-992
2733
-5200
-6977
-3312
5127
2815
-2148
8198
-7446
-9140
-5199
-9877
4293
-1414
-1895
-3592
-8081
9379
-5506
492
7822
-9085
6339
2230
4356
-8244
-2090
5442
9098
-6615
-6748
6087
1094
-1244
-785
9718
-888
3236
9817
676
-7622
-8766
-1196
-5852
-5807
-181
4543
6439
-7291
-6608
-9964
4603
5056
-6208
3714
3565
3430
-5421
-9577
-7068
-1392
8081
9232
4340
281
-149
-3555
-2062
4238
-597
-2908
3335
9680
6771
-6742
9089
-9750
-4375
1980
8603
8681
-6245
-2106
9697
-1212
-781
-5969
-1029
-1351
1057
-3833
7304
7251
1356
1591
3936
4475
-1148
-9112
-6846
4547
9541
9340
-3046
-200
9567
1771
-1400
5767
-210
-687
-8002
-8254
-1841
-3231
-37
-5280
-4649
-5206
-5084
3456
-423
612
-7715
7353
-3217
7505
-3898
-8548
-6838
3325
9879
-451
-985
4545
611
7697
6775
1428
-4223
8996
4960
-511
7499
-5301
9944
2054
-4758
4855
200
-2577
-8225
8038
8592
-5394
1584
4327
1535
-1357
6546
8488
-5404
3387
-7729
4914
-4223
-4465
2326
-1847
6160
-2286
9482
4652
-7654
5892
-7666
-6966
3292
-5402
-3330
1761
-9764
4041
5440
5974
3
8898
6832
6472
3341
6255
1702
-5242
-3494
7270
2075
1754
-2532
8297
-7992
2132
8489
5171
-9698
-6961
-3354
8794
5319
-4565
-9036
-1273
-3708
5433
-7966
6674
785
1087
-7473
-5030
520
-9022
8818
-4844
3893
-6617
6733
9866
1872
-4443
3612
-6089
6535
1349
-2673
-5859
-7595
573
-186
-6047
7599
-4189
-7191
-3508
6835
7390
-1498
2212
-439
529
8915
-5079
-7716
-174
-1123
-3949
-2134
-9717
-4377
-7114
9429
-6442
7365
-6149
-9934
1949
-3688
-8643
-9880
-7230
-7890
7621
4432
-2211
2821
-2934
7037
2462
-5604
-5991
1408
5471
3606
6425
-761
-771
-3480
-2915
22
-3523
-1046
9291
-1175
1792
-3032
2402
-4739
1882
134
8900
6077
1678
-7919
5976
9125
-6129
5205
-9328
5890
9889
5170
-7848
8982
-3503
-3811
-7703
-9811
-8304
7797
9250
1821
-4719
9760
-4676
5025
-4386
-3120
5165
-4216
9646
-1722
2893
2087
-2006
-9191
-6019
7149
-9131
-1471
6862
-8425
-2420
1573
-5217
-6662
4001
-5358
-9967
5467
-2328
-3036
5391
-8338
-1993
-6339
-9632
-1066
2848
1008
5031
5352
-2411
-5433
-5051
1768
-5068
-4856
-547
-1200
6408
8204
1289
6908
-7713
6652
-1349
8068
-336
-8684
8134
-7047
4213
-3644
-3115
-3651
8777
-4270
-3476
-4225
-6435
6430
3933
4957
1641
9581
-777
2494
-9787
-4188
8973
-4256
-8881
-7620
7693
8943
-3998
-650
-5609
5179
-4329
8674
928
-5407
5741
7180
5697
-4878
5579
1559
2539
-374
-3267
-9161
8126
7317
-1577
-9817
6394
398
7331
4
-5069
-3359
710
-621
2916
-903
-6468
-204
2542
1492
-6162
5646
3313
-6772
-3505
9411
-5622
-465
9924
5511
5728
-8649
-2402
7525
-4606
-8374
-6642
8106
-2268
-160
-9328
-3044
-2016
-6026
-9419
1462
-1716
1287
-6319
-8088
8757
3944
4365
7702
4604
8331
2620
-5571
-1520
-6640
2831
-5875
-4446
-627
5990
-4648
9870
1307
-7569
-5378
1984
4850
-7272
-4026
8313
-3907
-7200
-3738
2255
-3506
1244
1872
-2202
-5383
-7183
3805
-6333
2063
-5352
1464
4131
4138
-9465
-797
7931
2361
6606
5220
-587
-714
1772
7214
859
-7454
-1293
-9865
9392
9264
8167
-9069
-9221
5587
6729
-7651
-2197
-7301
-3556
1174
5556
2596
-9288
5177
-3157
-5646
4157
-7268
4819
-7399
3412
-7712
7863
-5081
-470
3873
-6426
-8508
-6201
853
-2015
9523
-1548
-5642
5519
9875
1059
5962
-9234
-159
-1650
-8358
-7529
2497
9130
-5603
-5792
-2489
9412
4800
608
674
1225
8029
-1011
1475
-9334
921
-5957
8891
-5373
-4398
8831
2025
-6723
-5586
2689
2768
-3104
5508
-2156
-2803
3196
2704
-7100
-3924
8053
1019
826
8566
4348
5223
7027
1834
-2701
717
9067
9843
5606
3061
-5993
2883
-5071
3115
-7145
6125
8701
-339
-2760
1616
-678
-6316
-4587
6155
6124
-1958
-7509
-4735
-7058
-8916
1682
8056
-9308
1876
111
-1495
2248
8355
4184
1362
3194
-3931
-9296
-7405
3150
6420
5609
-4783
-7066
-5755
7393
-4775
1816
1736
-634
1337
-5558
5879
-471
5610
5706
3445
-7556
-2564
-579
-6399
1347
-782
-5130
-6440
644
6193
-871
-6919
1015
-9080
-438
1310
1849
8497
2041
6628
-1655
-7683
-5975
532
-2779
5631
9353
-2892
2134
3337
-5918
6163
-7836
-4847
1957
8001
-7558
-4670
8782
1693
-4236
8031
-3429
-5066
-7427
-9811
405
8268
-595
4898
-326
4995
4308
-7441
7971
3063
3719
939
-7565
1857
-5558
-614
-138
6222
9260
-6659
4261
-6994
-4620
-7109
7518
-1515
9386
973
-8358
3657
-587
4922
-4102
5041
-4009
9421
3650
4093
6538
-4925
-6470
601
-235
-4462
7652
-7360
-5506
-5987
4881
-4941
2478
-7567
1892
-7400
-6599
-3635
-5406
-6930
9455
-9889
5949
6542
-3507
5359
-6202
-8837
-8118
-9738
-9955
-7093
5925
-3571
-2574
-9471
-5883
4493
2900
-4268
-7710
-9142
-5576
-1235
-7327
9621
-9003
-2722
-6198
-6316
-2620
2782
2818
60
539
1636
-3990
6845
-6834
7969
3793
-2179
-9761
-4725
3158
8218
-3880
-2937
7554
-9344
4260
-1277
-4790
-6122
-5661
6931
8088
5745
-3892
-1825
-7856
-4208
2050
-3505
1555
8581
-9324
4534
-1987
-7225
2022
-5497
2661
916
3205
-420
1350
-8137
7310
1354
-5700
-4807
-9331
-7024
-8568
-8639
-1341
-7051
9075
-8153
499
-3436
-1795
-610
5041
-814
685
9150
-2288
8645
4374
-4406
-8941
8089
-102
-240
4390
-1556
6076
-7825
-3652
2418
9641
-7790
5949
4778
-4689
-1288
-8956
5493
-4759
8623
9574
-8571
6913
-7656
-1001
220
3777
4136
7836
9057
-3871
-7322
2109
6746
4841
-3549
-8789
-4551
-1334
-8288
-6630
7814
-9803
-8883
-4088
-4045
8508
2837
5478
-2280
653
2872
1901
9212
6583
2281
7972
-9673
-3855
-3599
-5496
2196
3453
-2809
-3083
-559
4262
7303
3150
5840
-3757
-770
-8645
7261
4804
4467
4183
-6113
5858
-5355
7968
4120
8379
1065
9772
7279
-797
6430
5081
-6135
-980
-8843
-3684
-5220
759
-1434
-1620
-5591
-1901
8780
8605
3436
4824
5946
536
-1016
8017
7620
5189
-8273
5582
3927
2333
1203
4308
-864
3388
-8381
-2230
9400
629
252
-2
528
2670
7638
4533
9963
3343
-766
-5727
-2705
-7305
5789
-1519
-4937
1010
5831
9116
-1309
-1049
-7603
-6547
7926
-633
-190
-258
-7310
-9184
-519
-1242
-29
9896
3927
-4833
-5313
2273
7856
4485
-7345
5745
2838
-5255
-8372
9828
-8865
-6148
-5579
-995
1368
-9507
-9592
8678
-834
-3448
2482
7759
6069
-4491
-2872
8148
-646
162
2888
-7781
-9864
3602
-135
1573
465
2495
3475
2253
7192
-8485
7662
-2341
-9906
3355
4457
7486
-6667
2446
6133
7373
4192
-243
2882
-1694
5059
5917
-6569
9622
-2990
6086
-225
4644
3781
-5877
178
-7148
-1054
-1037
6098
8605
7492
-7281
-5304
-4196
-1843
-871
-9302
4132
7223
-4797
2317
7104
-4543
4630
-3609
2659
8491
1385
7491
398
-1142
-1572
-3700
-1087
7320
-1030
3598
7458
-7520
9536
-5902
2505
-4436
7731
-8967
8946
5263
-7264
7675
-2822
-1207
4624
-2853
6186
3107
-87
8846
6775
-4296
3279
480
4975
-2145
3278
339
4389
-3602
-8110
-5552
-5074
9443
4433
-5472
-4903
-5442
-5373
6671
-6322
5673
-504
9446
-8848
9587
7383
4895
-4152
-8091
-3813
-9976
-8767
9834
-9246
2740
4233
9429
1518
8776
2293
6582
2672
4344
3971
1403
-1435
-7481
-6250
-1137
591
-4614
175
2857
-1328
7957
2419
5231
-4552
-7547
5947
-6162
-8428
-9050
1347
4145
2061
-9054
447
8788
-8177
-3397
-5942
-8273
-1771
-7574
8704
6246
4131
-5908
-6830
-4456
-6136
5781
-7541
5833
-1413
9677
-2967
782
5974
-8261
673
1286
7561
-8734
7012
3319
-6795
1523
-588
8895
-3296
9729
-4257
4071
-241
3035
-546
9461
-7340
-4105
281
-8233
9888
7360
3010
3478
8716
-7548
-5992
470
4185
7474
-9425
-6793
4084
-9683
-1957
6897
-3952
3516
9419
-8094
5975
4901
9438
-9344
2807
-9740
9866
-2324
3875
-5837
8890
-9854
-3260
3845
-7759
-1742
2099
6841
-9945
850
3281
-4364
-5832
9432
3053
-8320
-2531
-3908
8015
-5971
3416
9703
1446
-4820
-6391
3942
-5390
4763
287
979
9667
-5413
1803
-4424
7562
-9606
3578
-945
-637
-4318
-1125
-1617
1345
-7412
6978
7327
9506
-2828
9060
9335
5309
1847
-7014
-9514
5453
-5027
-656
-9379
-4914
1288
-3828
-6223
8075
1148
-6362
6392
-7007
-7054
8858
-1745
-9443
9740
-3653
7050
1618
-3930
-420
-7108
-6873
-1169
-6984
-4251
7567
-3898
-690
-8615
-8714
-8908
-3101
5860
-3434
-6001
-1998
-6904
-2102
7595
6287
-545
-9740
-845
-9870
-8285
3572
-7973
2429
8525
-7513
-3809
-6612
1568
-2199
7839
3186
3875
-7721
6132
-5400
9043
-2493
5452
2831
2094
-7223
9277
5156
938
-3746
1605
5978
7697
1336
1512
8763
-5758
-7609
6297
14
19
2964
-2518
-9213
8046
-3320
2051
-8272
4135
-9152
-9938
-1002
-5735
4071
-3947
7781
-5766
-7364
7488
-4584
-3670
-7020
-6615
617
3967
7411
-6431
-4321
-180
6906
-3521
-5337
3298
-8313
9717
-8281
3934
-8598
5432
-7386
-8609
9304
-8000
-2214
7091
-8879
9230
-8831
-8566
-9231
-278
-1080
-8653
-8956
5113
-2333
3803
-3409
5873
7535
745
-327
-9246
8013
531
4207
-27
1454
-3931
-4768
-5646
-9915
-9234
-3910
608
9474
3472
-5400
3492
-210
-8931
3969
-5582
-521
6963
-9770
6441
-6881
5431
8802
-1230
1752
7748
-3615
2118
-9638
7687
668
-3341
8646
8820
-908
3527
1179
2071
-247
-2862
-6130
2046
-8771
-1500
4047
650
5554
-2607
-4390
-7144
728
1406
8796
-3971
9329
2394
-2968
-6476
-6169
4640
-4006
-2631
5955
-2408
-1386
2478
-2956
7332
-3915
-6901
-7816
9218
-589
5092
1314
2095
7680
363
-8997
-382
-9244
-7713
3611
4712
3703
-1808
-7545
4595
-5784
910
-8971
-6963
6931
6927
6357
6617
-2048
7273
4058
-5082
-9183
9906
-7553
7492
-6497
-8633
-5678
1472
2303
-8069
2629
6818
4498
4665
-2634
-9537
4142
-8189
387
-9660
-4764
-8706
-9516
-791
-3326
-5219
-9133
7067
-3689
-9139
4819
7007
-6632
-6770
-6437
7817
-2666
-5281
4923
9726
9398
-6847
-2681
927
126
-8630
2600
8514
9691
1087
-9539
9361
9311
1718
9471
-2080
1760
-6932
-1885
-9835
-5176
-883
-5510
7665
4496
8680
-901
8600
4291
2580
1670
8980
9788
4189
9779
-5398
6460
3141
5979
-523
-223
-3030
-7568
1220
9685
2676
1404
-4373
4288
-7079
8874
6948
3628
-2820
1981
2634
2675
-5717
-9128
-6110
-7178
-6139
6351
-858
7490
-3182
2442
-5894
-2848
2413
4744
6461
5904
43
-1586
-8605
2822
5963
1222
4682
9327
2427
-3569
-7439
7142
-7985
6021
6516
-328
-3907
223
-229
317
630
-9938
-8247
5121
4997
-6445
3296
4228
-7948
9141
-1541
8556
-8519
-2365
-2304
-4538
3311
-9494
-7110
-1912
9220
-5695
6628
1860
3435
-8107
-7481
-4239
4740
-1220
4252
-2891
-362
-1233
-451
-162
-174
-275
5760
-4097
2257
3246
-6252
-8088
-6360
-2871
9357
3046
6257
8415
-2958
9832
-2972
-9066
1796
-9823
-5881
1274
6022
-79
-547
-2900
4697
-9778
4144
-4650
-8627
-890
-13
4687
7332
4970
-7441
-2733
3698
3521
867
3770
668
-1935
-8372
4072
-1028
-3000
-8280
-1216
-7261
2463
7514
5467
-9651
-5607
-487
5614
-2293
5068
827
4688
6701
-5092
-385
-4406
9626
-8175
-6864
9519
-1156
-3966
633
6833
-1823
-2414
2997
-8920
7150
-5515
9611
9835
9038
7030
6487
-5069
235
-8998
5419
3126
-9156
3834
5710
-8865
2389
1405
3901
5683
2231
7806
6686
-6112
2136
-5054
5728
701
6174
1853
598
8202
9923
4381
3610
-8049
268
-6965
666
2777
-8212
-1282
-7595
-5032
-8024
2360
4353
6653
-3527
-7669
9131
965
-2035
-684
-5704
1275
-2375
5585
8323
8848
7121
-6798
4875
-3977
-2871
-1786
-5807
-8067
-9192
-7158
7953
-9222
635
-2665
-7556
4758
-6749
3272
-6636
1516
9858
3314
6550
-3994
-4375
-7503
4419
3851
8346
-9820
4781
-1113
14
1799
-4082
9483
2522
-3827
6869
3925
6788
237
7527
1449
-2755
-1582
447
-3879
-8966
-55
-835
-7057
3510
1244
-6520
-14
-9601
8298
9444
-9853
-317
-1488
-2588
-359
105
6606
8503
4735
7630
-2034
3520
3841
6147
5148
8239
5688
-1406
2284
141
-9612
-5382
9218
1662
9954
-997
-7228
6206
9092
-6813
-6415
-7261
-3012
-104
9410
-101
3287
-6095
-2662
8519
-5303
-4623
2562
-3335
-7117
-6887
-6083
5023
-1397
1023
-9115
-90
-7002
-3208
-4737
-2233
-4544
8625
-7401
-330
9868
9508
-3685
8894
-3241
5852
7529
-6647
5214
-2228
6076
-8209
-8954
-5470
1127
-4109
-1095
2814
1689
-5125
7793
-9802
-6297
751
-3440
-4796
4629
3630
-9908
-4579
-9639
3512
-3516
876
-8959
-2483
6554
4508
3171
-6356
-9597
-995
6467
9584
-2422
8474
561
-4306
5177
-365
-7755
-7441
-9088
6712
9667
-8664
5753
-3531
-7405
-4164
-7093
6507
725
2279
739
-1720
-2277
-5972
1340
-9883
-559
286
-2520
8993
4187
9477
-3773
5263
326
-4729
7491
1856
3285
-7023
-1937
3640
-1555
-8041
-6597
-3782
-6174
3198
5027
7021
-8923
7261
3398
8940
-1554
9021
-7020
5963
6115
5287
7793
2459
-6966
-8276
-9483
-3129
-2042
949
-7245
-5483
-721
1359
8104
5285
-5094
1471
2089
-8743
-5869
-5406
5805
-6476
6856
8444
6537
-8727
-4441
9964
2040
-9490
1922
-8970
-3914
9295
-796
-436
6058
-84
-2900
-4996
-2518
-5830
-5020
5298
5564
-9705
-3664
804
267
-5663
484
119
6491
-7718
-2119
4500
-3035
5692
-5288
8221
-5226
4337
7861
-1248
3847
-4685
-808
-681
-8414
-4401
-8656
3069
-8819
-6171
5512
9169
-1776
1989
7726
9344
-7574
9840
1295
7787
794
-6601
7275
-8838
3183
-4132
8979
3467
-6194
4701
-6349
-3690
7659
5418
-4155
7261
-3285
-3144
7407
-7208
-3360
8787
2748
7044
9142
4398
77
-2271
7239
6214
908
6040
-3223
-1140
-5627
375
3105
-6044
6688
5129
-6677
-1532
-1551
223
3267
-1229
-4946
-6860
-6858
-1556
4429
-6893
8020
167
-2713
9947
103
3538
-5003
-19
-5919
-8748
-7208
-6938
-6697
-6758
5941
4960
9301
5321
-9441
3005
-2425
-1149
-1644
-8062
160
255
3936
-2082
-6870
1968
760
8581
6070
6053
8891
-2333
8901
8857
3695
-2051
3253
-6448
-5510
-1968
-9352
-6531
1253
2742
5768
3863
-1053
-3817
3023
5589
-3373
-1178
-1921
-15
6972
-1817
-2738
7639
7664
-6725
-1587
-7646
3912
8308
6919
-2795
6977
-9626
7326
9034
-5327
144
-9256
8296
-7534
-3785
-8756
-4062
-1100
-9678
5516
2262
1034
6702
-1468
3199
3109
-505
-27
4545
6680
7748
-8693
-5579
696
-8820
-5223
-6622
-8689
9330
7177
2645
9555
-6946
-9751
-258
333
6566
5118
393
1552
-6216
9942
-5340
9274
-2554
5886
1629
4443
-9435
6064
1044
1209
-740
4205
-4945
-7430
7792
-768
-1254
9194
-4241
-1772
-5810
-359
-5555
-3761
-2263
-7346
-8458
-4144
-4940
5544
1149
5518
8566
6680
1537
9852
1090
-7340
4483
-6783
7607
1241
-7805
8232
-6769
3389
8652
1809
7303
-8397
-6048
